image: /home/amr1-l300/catkin_ws/src/launch_pkg/map2d.yaml.pgm
resolution: 0.050000
origin: [-9.398955, -3.053319, 0.000000]
negate: 0
occupied_thresh: 0.65
free_thresh: 0.196

